200
6 572
121 992
64 184
413 220
28 248
366 648
81 116
172 278
66 470
196 36
482 588
356 134
468 214
13 208
105 946
495 878
85 676
83 710
135 330
387 646
383 546
356 842
82 424
263 12
101 480
246 368
53 702
14 850
226 796
400 854
28 740
15 130
65 232
363 510
33 826
9 684
486 582
86 64
216 616
438 754
157 708
320 894
268 198
406 92
442 26
253 56
431 204
416 132
344 748
90 302
246 424
3 260
48 486
301 446
173 314
171 278
179 24
411 684
112 648
150 422
108 234
65 616
54 278
304 212
147 732
282 86
141 484
158 50
120 272
107 374
402 198
185 554
451 784
174 890
117 792
48 64
341 216
314 970
371 442
135 912
413 768
429 556
191 710
180 484
259 464
252 658
172 172
424 950
496 682
183 388
49 410
162 356
170 848
424 612
90 326
201 420
362 782
179 98
461 640
260 794
478 918
181 858
345 410
473 170
297 544
292 630
56 386
400 856
144 486
150 534
81 974
55 636
288 942
159 844
44 260
295 26
294 530
77 778
412 676
332 806
479 316
82 800
437 68
329 914
436 952
435 22
51 634
138 502
358 996
320 32
22 646
132 478
365 596
297 862
275 946
236 690
483 818
231 262
57 138
343 722
406 154
158 590
452 616
493 98
125 240
85 748
35 238
62 670
105 382
267 500
307 290
191 422
206 670
362 688
235 596
374 28
469 620
302 304
434 946
342 124
64 864
213 70
149 558
279 648
394 146
133 670
231 358
127 132
253 370
277 762
434 722
265 4
417 4
209 694
213 462
228 960
376 360
469 598
149 996
62 366
61 618
314 524
354 20
65 202
28 964
395 386
462 612
462 206
16 768
411 206
452 592
34 942
220 788
7 354
369 838
316 40
429 596
140 106
197 540
402 414
