100
2 4
10 5
3 12
7 7 7
3 12
4 2 1
5 1000
25 25 25 25 25
2 2
1 1
5 5
1 1 1 1 1
5 448
1 2 3 4 5
5 915
18 7 21 11 25
5 714
10 10 10 10 10
5 846
5 5 5 5 5
5 268
10 10 10 10 10
5 507
18 18 18 18 18
5 867
5 5 5 5 5
5 142
7 7 7 7 7
5 113
12 12 12 12 12
5 434
15 15 15 15 15
5 875
12 12 12 12 12
5 598
23 23 23 23 23
5 930
15 15 15 15 15
5 548
6 6 6 6 6
5 850
21 21 21 21 21
5 686
11 11 11 11 11
5 218
17 17 17 17 17
5 975
9 9 9 9 9
5 568
15 15 15 15 15
5 912
12 12 12 12 12
5 567
18 18 18 18 18
5 686
12 12 12 12 12
5 861
16 16 16 16 16
5 987
22 22 22 22 22
5 725
18 18 18 18 18
5 736
15 15 15 15 15
5 893
18 18 18 18 18
5 276
1 2 3 4 5
5 735
1 2 3 4 5
5 970
1 2 3 4 5
5 960
1 2 3 4 5
5 936
1 2 3 4 5
5 491
1 2 3 4 5
5 388
1 2 3 4 5
5 929
1 2 3 4 5
5 534
1 2 3 4 5
5 935
1 2 3 4 5
5 480
1 2 3 4 5
5 732
1 2 3 4 5
5 652
1 2 3 4 5
5 599
1 2 3 4 5
5 181
1 2 3 4 5
5 246
1 2 3 4 5
5 448
1 2 3 4 5
5 949
1 2 3 4 5
5 631
1 2 3 4 5
5 457
1 2 3 4 5
5 681
1 2 3 4 5
5 816
1 2 3 4 5
5 395
1 2 3 4 5
5 917
1 2 3 4 5
5 415
1 2 3 4 5
5 111
3 3 21 3 8
5 131
7 14 1 5 8
5 273
15 20 8 12 3
5 171
20 7 13 17 5
5 838
4 12 10 4 15
5 928
19 1 25 16 5
5 474
17 17 8 15 7
5 970
20 7 24 7 3
5 951
1 13 7 7 23
5 655
12 11 16 2 2
5 433
17 10 21 10 20
5 338
10 15 4 14 14
5 398
17 2 8 20 8
5 718
14 9 1 20 24
5 807
19 15 11 9 20
5 655
13 20 23 24 9
5 299
21 17 2 23 1
5 831
15 10 8 7 6
5 891
9 21 17 14 5
5 351
9 21 19 10 15
5 154
1 22 12 9 14
5 734
14 10 20 15 7
5 349
24 9 15 14 3
5 709
7 5 22 19 14
5 607
23 4 24 13 6
5 180
6 20 7 12 25
5 905
12 15 5 19 12
5 605
14 4 11 22 25
5 419
10 8 24 7 23
5 164
25 9 24 6 2
5 915
18 7 21 11 25
5 739
11 20 10 18 23
5 536
14 13 6 2 16
5 606
11 18 14 9 16
5 826
14 23 8 22 2
5 274
6 24 15 14 21
5 754
19 20 12 25 14
5 455
3 23 17 9 1
5 140
11 12 21 15 3
5 483
14 13 14 24 24
5 494
21 5 8 22 20
5 229
13 22 19 7 2

